67, 51
68, 51
69, 51
70, 51
71, 51
72, 51
73, 51
74, 51
75, 51
76, 51
77, 51
78, 51
78, 52
79, 52
80, 52
81, 52
82, 52
83, 52
84, 52
85, 52
86, 52
87, 52
88, 52
89, 52
90, 52
91, 53
92, 53
93, 53
94, 53
95, 53
96, 53
97, 53
98, 53
99, 53
100, 53
101, 53
102, 53
103, 53
104, 53
105, 53
106, 53
106, 54
107, 54
108, 54
109, 54
110, 54
111, 54
112, 54
113, 54
114, 54
115, 54
116, 54
117, 54
118, 54
119, 54
120, 54
121, 54
122, 54
123, 54
124, 54
125, 54
126, 54
127, 54
128, 54
129, 54
130, 54
131, 54
132, 54
133, 54
134, 55
135, 55
136, 55
137, 55
138, 55
139, 55
140, 55
141, 55
142, 55
143, 55
144, 55
145, 55
146, 55
147, 55
148, 55
149, 56
150, 56
151, 56
152, 56
154, 56
155, 56
156, 56
158, 56
159, 56
160, 56
161, 56
162, 56
163, 56
164, 56
165, 56
166, 56
167, 56
168, 56
169, 57
170, 57
171, 57
172, 57
173, 57
174, 57
176, 57
177, 57
178, 57
179, 57
180, 57
181, 57
182, 57
183, 57
184, 57
185, 57
186, 57
187, 57
188, 57
189, 57
190, 57
191, 57
192, 57
193, 57
194, 58
195, 58
196, 58
197, 58
198, 58
199, 58
200, 58
201, 58
202, 58
203, 58
204, 58
205, 58
206, 58
207, 58
208, 58
209, 58
210, 58
211, 58
212, 58
213, 58
214, 58
215, 58
216, 58
217, 58
218, 58
219, 58
220, 58
221, 58
222, 58
223, 58
224, 58
225, 58
226, 58
227, 58
228, 58
229, 58
230, 58
231, 58
232, 58
233, 58
234, 58
235, 58
236, 58
237, 58
238, 58
239, 58
240, 58
241, 58
242, 58
243, 58
244, 58
245, 58
246, 58
247, 58
248, 58
249, 57
250, 57
251, 57
252, 57
254, 57
255, 57
256, 57
257, 57
258, 57
259, 57
260, 57
261, 57
262, 57
263, 57
264, 57
265, 57
267, 57
268, 57
269, 57
270, 57
271, 57
272, 57
273, 57
274, 57
275, 57
276, 57
277, 57
279, 57
280, 57
282, 57
283, 57
284, 57
285, 57
286, 57
287, 57
288, 57
289, 57
290, 57
291, 57
292, 57
293, 57
294, 57
295, 57
296, 57
297, 57
298, 57
299, 57
300, 57
301, 57
302, 57
303, 57
304, 57
305, 57
306, 57
307, 57
308, 57
309, 57
310, 57
311, 57
312, 57
313, 57
314, 57
315, 57
316, 57
317, 57
318, 57
319, 57
320, 57
321, 56
322, 56
323, 56
324, 56
325, 56
326, 56
327, 56
328, 56
329, 56
330, 56
331, 56
332, 56
333, 56
334, 56
335, 56
336, 56
337, 56
338, 56
339, 56
340, 56
341, 56
342, 56
343, 56
344, 56
345, 56
346, 56
347, 56
348, 56
349, 56
350, 56
351, 56
352, 56
353, 56
354, 56
355, 56
357, 56
358, 56
359, 56
360, 56
361, 56
362, 56
363, 56
365, 56
366, 56
367, 56
369, 56
371, 56
372, 56
374, 56
375, 56
376, 56
378, 56
379, 56
381, 56
382, 56
383, 56
385, 56
386, 56
388, 56
389, 56
391, 56
392, 56
394, 56
395, 56
397, 56
398, 56
400, 56
401, 56
403, 57
404, 57
406, 57
407, 57
409, 57
410, 57
412, 57
413, 57
415, 57
416, 57
418, 57
420, 57
421, 57
422, 57
424, 57
425, 57
427, 57
428, 57
430, 57
431, 57
432, 57
433, 57
435, 57
436, 57
437, 57
439, 57
440, 57
441, 57
443, 57
444, 57
445, 57
446, 57
448, 57
449, 57
450, 57
451, 57
453, 57
454, 57
455, 57
456, 57
457, 57
458, 57
460, 57
461, 57
462, 57
463, 57
465, 57
466, 57
467, 57
468, 57
469, 57
470, 57
472, 57
473, 57
474, 57
476, 57
477, 57
478, 57
479, 57
480, 57
482, 57
483, 57
484, 57
485, 57
487, 57
489, 57
490, 57
491, 57
493, 57
494, 57
495, 57
496, 57
498, 57
499, 57
500, 57
501, 57
503, 57
504, 57
505, 57
507, 57
508, 57
509, 57
510, 57
511, 57
513, 57
514, 57
515, 57
517, 57
518, 57
519, 57
521, 57
522, 57
523, 57
524, 57
525, 57
527, 57
528, 57
529, 57
531, 57
532, 57
533, 57
534, 57
535, 57
537, 57
538, 57
539, 57
540, 57
541, 57
543, 57
545, 57
546, 57
547, 57
548, 57
549, 57
550, 57
552, 57
553, 57
554, 57
556, 57
557, 57
558, 57
559, 57
560, 57
561, 57
562, 57
563, 57
564, 57
565, 57
566, 57
567, 57
568, 57
569, 56
570, 56
571, 56
572, 56
573, 56
574, 56
575, 56
576, 56
577, 56
578, 56
579, 56
580, 56
581, 56
582, 56
583, 56
584, 56
585, 56
585, 55
586, 55
587, 55
588, 55
589, 55
590, 55
591, 55
592, 55
593, 55
594, 55
595, 55
596, 55
597, 55
598, 55
599, 55
600, 55
601, 55
602, 55
603, 55
604, 55
605, 54
606, 54
607, 54
608, 54
609, 54
610, 54
611, 54
612, 54
613, 54
614, 54
615, 54
616, 54
617, 54
618, 54
619, 54
620, 54
621, 54
622, 54
623, 54
624, 54
625, 54
626, 54
627, 54
628, 54
629, 54
630, 54
631, 54
632, 54
633, 54
634, 54
635, 54
636, 54
637, 54
638, 54
639, 54
640, 54
641, 54
642, 54
643, 54
644, 54
645, 54
646, 54
647, 54
648, 53
649, 53
650, 53
651, 53
652, 53
653, 53
654, 53
655, 53
656, 53
657, 53
658, 53
659, 53
660, 53
661, 53
662, 53
663, 53
664, 53
665, 53
666, 53
667, 53
668, 53
669, 53
670, 53
671, 53
672, 53
673, 53
674, 53
675, 53
676, 53
677, 53
678, 53
679, 53
/
60, 37
60, 38
60, 39
61, 39
62, 39
63, 39
64, 39
65, 39
66, 39
66, 40
67, 40
68, 40
69, 40
70, 40
71, 40
72, 40
73, 40
74, 40
75, 40
76, 40
77, 40
78, 40
79, 40
80, 40
81, 40
81, 41
82, 41
83, 41
84, 41
85, 41
86, 41
87, 41
88, 41
89, 41
90, 41
91, 41
92, 41
93, 41
94, 41
95, 41
96, 41
97, 41
98, 41
99, 41
100, 41
101, 41
102, 41
103, 41
104, 41
105, 42
106, 42
107, 42
108, 42
109, 42
110, 42
111, 42
112, 42
113, 42
114, 42
115, 42
116, 42
117, 42
118, 42
119, 42
120, 42
121, 42
122, 42
123, 42
124, 42
125, 42
126, 42
127, 42
128, 42
129, 42
130, 43
131, 43
132, 43
133, 43
134, 43
135, 43
136, 43
137, 43
138, 43
139, 43
140, 43
141, 43
142, 43
143, 43
144, 43
145, 43
146, 43
147, 44
148, 44
149, 44
150, 44
151, 44
152, 44
153, 44
154, 44
155, 44
156, 44
157, 44
158, 44
159, 44
160, 44
162, 44
163, 44
164, 44
165, 44
166, 44
168, 45
170, 45
171, 45
172, 45
173, 45
174, 45
176, 45
177, 45
178, 45
179, 45
180, 45
181, 45
182, 45
183, 45
184, 45
186, 45
187, 45
188, 45
189, 45
190, 45
191, 45
192, 45
193, 46
194, 46
195, 46
196, 46
197, 46
198, 46
199, 46
200, 46
201, 46
202, 46
203, 46
204, 46
205, 46
206, 46
207, 46
208, 46
209, 46
210, 46
211, 46
212, 46
213, 46
214, 46
215, 47
216, 47
217, 47
218, 47
219, 47
220, 47
222, 47
223, 47
224, 47
225, 47
226, 47
228, 47
229, 47
230, 47
231, 47
232, 47
233, 47
234, 47
235, 48
236, 48
238, 48
239, 48
240, 48
241, 48
242, 48
243, 48
244, 48
246, 48
247, 48
248, 48
250, 48
251, 48
253, 48
254, 49
255, 49
256, 49
258, 49
259, 49
261, 49
262, 49
264, 49
265, 49
267, 49
268, 50
269, 50
271, 50
273, 50
274, 50
276, 50
277, 50
279, 50
281, 50
282, 50
283, 50
285, 50
287, 50
288, 50
290, 50
292, 50
293, 50
295, 51
296, 51
298, 51
299, 51
301, 51
303, 51
304, 51
306, 51
308, 51
309, 51
310, 51
312, 51
314, 51
315, 51
317, 51
318, 51
320, 51
321, 52
322, 52
324, 52
325, 52
327, 52
328, 52
330, 52
331, 52
333, 52
334, 52
335, 52
337, 52
338, 52
340, 52
341, 52
342, 52
344, 52
345, 52
347, 53
348, 53
349, 53
351, 53
352, 53
353, 53
355, 53
356, 53
358, 53
359, 53
360, 53
361, 53
363, 53
364, 53
365, 53
367, 53
368, 53
369, 53
371, 54
372, 54
373, 54
374, 54
376, 54
377, 54
379, 54
380, 54
382, 54
383, 54
384, 54
385, 55
387, 55
388, 55
390, 55
391, 55
393, 55
394, 55
395, 55
397, 55
398, 55
400, 55
401, 56
403, 56
404, 56
406, 56
407, 56
408, 56
410, 56
411, 56
413, 56
414, 56
416, 56
418, 56
419, 56
420, 56
421, 56
423, 57
424, 57
426, 57
427, 57
429, 57
430, 57
432, 57
433, 57
434, 57
435, 57
437, 57
438, 57
440, 57
441, 58
443, 58
444, 58
445, 58
446, 58
448, 58
449, 58
451, 58
452, 58
453, 58
455, 58
456, 58
457, 58
458, 58
460, 59
461, 59
462, 59
464, 59
465, 59
466, 59
467, 59
468, 59
469, 59
471, 59
472, 59
473, 59
475, 60
476, 60
477, 60
478, 60
479, 60
480, 60
481, 60
482, 60
484, 60
485, 60
486, 60
487, 60
488, 60
489, 60
490, 61
491, 61
492, 61
493, 61
494, 61
495, 61
496, 61
497, 61
498, 61
499, 61
500, 61
501, 61
502, 61
503, 62
504, 62
505, 62
506, 62
507, 62
508, 62
509, 62
510, 62
511, 62
512, 62
513, 62
514, 62
515, 62
516, 62
517, 62
518, 63
519, 63
520, 63
521, 63
522, 63
523, 63
524, 63
525, 63
526, 63
527, 63
528, 63
529, 63
530, 63
531, 64
532, 64
533, 64
534, 64
535, 64
536, 64
537, 64
538, 64
539, 64
540, 64
541, 64
542, 64
543, 65
544, 65
545, 65
546, 65
547, 65
548, 65
549, 65
550, 65
551, 65
552, 65
553, 65
554, 65
555, 66
556, 66
557, 66
558, 66
559, 66
561, 66
562, 66
563, 66
565, 66
566, 66
567, 67
568, 67
569, 67
570, 67
571, 67
572, 67
573, 67
574, 67
575, 67
576, 67
577, 67
578, 68
579, 68
580, 68
581, 68
582, 68
583, 68
584, 68
585, 68
586, 68
587, 68
588, 68
589, 68
590, 68
591, 68
592, 69
593, 69
594, 69
595, 69
596, 69
597, 69
598, 69
599, 69
600, 69
601, 69
602, 69
603, 70
604, 70
605, 70
606, 70
607, 70
608, 70
609, 70
610, 70
611, 70
612, 70
613, 70
614, 70
615, 71
616, 71
617, 71
618, 71
619, 71
620, 71
621, 71
622, 71
623, 71
624, 71
625, 72
626, 72
627, 72
628, 72
629, 72
630, 72
631, 72
632, 72
633, 72
634, 72
635, 73
636, 73
637, 73
638, 73
639, 73
640, 73
641, 73
642, 73
643, 73
644, 73
645, 73
646, 73
647, 73
648, 73
649, 74
650, 74
651, 74
652, 74
653, 74
654, 74
655, 74
656, 74
657, 74
658, 74
659, 74
660, 74
661, 74
662, 74
663, 74
664, 74
665, 74
666, 74
667, 74
668, 74
669, 74
670, 74
671, 74
672, 74
673, 74
674, 74
675, 74
676, 74
677, 74
678, 74
679, 74
/
65, 47
66, 47
67, 47
68, 47
68, 48
69, 48
70, 48
71, 48
72, 48
73, 48
74, 48
75, 48
76, 48
77, 48
78, 48
79, 49
80, 49
81, 49
82, 49
83, 49
84, 49
85, 49
86, 49
87, 49
88, 49
89, 49
90, 49
90, 50
91, 50
92, 50
93, 50
94, 50
95, 50
96, 50
97, 50
98, 50
99, 50
100, 50
101, 50
102, 50
103, 50
104, 50
105, 50
106, 50
107, 51
108, 51
109, 51
110, 51
111, 51
112, 51
113, 51
114, 51
115, 51
116, 51
117, 51
118, 51
119, 51
120, 51
121, 51
122, 51
123, 51
124, 51
125, 52
126, 52
127, 52
128, 52
129, 52
130, 52
131, 52
132, 52
133, 52
134, 52
135, 52
136, 52
138, 52
139, 52
140, 52
141, 52
142, 52
143, 52
144, 52
145, 52
146, 53
147, 53
149, 53
150, 53
151, 53
152, 53
153, 53
154, 53
156, 53
157, 53
158, 53
159, 53
161, 53
163, 53
164, 53
165, 53
167, 53
168, 54
169, 54
171, 54
172, 54
173, 54
174, 54
176, 54
177, 54
178, 54
180, 54
181, 54
182, 54
184, 54
185, 54
186, 54
187, 54
189, 54
190, 54
191, 54
192, 55
194, 55
195, 55
196, 55
197, 55
198, 55
200, 55
201, 55
202, 55
203, 55
205, 55
206, 55
207, 55
208, 55
209, 55
211, 55
212, 55
213, 55
214, 55
216, 55
218, 55
219, 55
220, 55
221, 55
223, 55
224, 55
225, 55
226, 56
227, 56
228, 56
229, 56
231, 56
232, 56
233, 56
234, 56
235, 56
237, 56
239, 56
240, 56
241, 56
242, 56
244, 56
245, 56
246, 56
247, 56
248, 56
249, 56
251, 56
252, 56
253, 56
255, 56
256, 56
258, 56
259, 56
260, 56
261, 56
263, 56
264, 56
265, 56
267, 56
268, 56
270, 56
271, 56
272, 56
274, 56
276, 57
277, 57
279, 57
280, 57
282, 57
284, 57
285, 57
286, 57
288, 57
290, 57
291, 57
293, 57
295, 57
296, 57
298, 57
299, 57
301, 57
303, 57
304, 57
306, 57
308, 57
310, 57
312, 57
313, 57
314, 57
316, 57
318, 57
320, 57
322, 57
323, 57
325, 57
327, 57
329, 57
330, 56
332, 56
333, 56
335, 56
337, 56
339, 56
340, 56
342, 56
344, 56
345, 56
347, 56
348, 55
350, 55
351, 55
353, 55
355, 55
356, 55
358, 55
359, 55
360, 55
362, 55
363, 55
365, 54
367, 54
368, 54
369, 54
371, 54
372, 54
373, 54
375, 54
376, 54
378, 54
379, 54
380, 54
382, 54
383, 54
384, 54
386, 54
387, 54
388, 54
390, 54
391, 54
392, 54
394, 53
395, 53
396, 53
397, 53
399, 53
400, 53
401, 53
403, 53
404, 53
406, 53
408, 53
409, 53
410, 53
412, 53
413, 53
414, 53
416, 53
417, 53
418, 53
419, 53
421, 53
422, 53
424, 53
425, 53
426, 53
428, 53
429, 53
430, 53
431, 53
433, 53
434, 53
435, 53
437, 53
438, 53
440, 53
441, 53
442, 53
443, 53
444, 53
446, 53
447, 53
449, 53
450, 53
451, 53
453, 53
454, 53
455, 53
456, 53
458, 53
459, 53
460, 53
462, 53
463, 53
464, 53
465, 53
467, 53
468, 53
469, 53
470, 53
472, 53
473, 53
474, 53
475, 53
476, 53
477, 53
479, 53
480, 53
481, 53
482, 53
484, 53
485, 53
486, 53
487, 53
488, 53
489, 53
490, 53
492, 53
493, 53
494, 53
495, 53
496, 53
497, 53
498, 53
499, 53
500, 53
502, 53
503, 53
504, 53
505, 53
506, 53
507, 53
508, 53
509, 53
510, 53
511, 53
512, 53
513, 53
514, 53
515, 53
516, 53
517, 53
518, 53
519, 53
520, 53
522, 53
523, 53
525, 53
526, 53
527, 53
528, 53
529, 53
530, 53
531, 53
532, 53
533, 53
534, 53
535, 53
537, 53
538, 53
539, 53
540, 54
541, 54
542, 54
543, 54
544, 54
545, 54
547, 54
548, 54
549, 54
550, 54
551, 54
553, 54
553, 55
554, 55
556, 55
557, 55
558, 55
559, 55
560, 55
562, 55
563, 55
565, 55
566, 55
567, 56
568, 56
569, 56
570, 56
571, 56
572, 56
573, 56
574, 56
575, 56
576, 56
577, 56
578, 56
579, 56
580, 56
581, 56
582, 57
583, 57
584, 57
585, 57
586, 57
587, 57
588, 57
589, 57
590, 57
591, 57
592, 57
593, 57
594, 57
595, 57
596, 57
597, 57
598, 57
599, 57
600, 57
601, 57
602, 57
603, 57
604, 57
605, 57
606, 57
607, 57
608, 58
609, 58
610, 58
611, 58
612, 58
613, 58
614, 58
615, 58
616, 58
617, 58
618, 58
619, 58
620, 58
621, 58
622, 58
623, 59
624, 59
625, 59
626, 59
627, 59
628, 59
629, 59
630, 59
631, 59
632, 59
633, 59
634, 60
635, 60
636, 60
637, 60
638, 60
639, 60
640, 60
641, 60
642, 60
643, 60
644, 60
645, 61
646, 61
647, 61
648, 61
649, 61
650, 61
651, 61
652, 61
653, 61
654, 61
655, 61
656, 61
657, 61
658, 61
659, 62
660, 62
661, 62
662, 62
663, 62
664, 62
665, 62
666, 62
667, 62
668, 62
669, 62
670, 62
671, 62
672, 62
673, 62
674, 62
675, 63
676, 63
677, 63
678, 63
679, 63
/
